shape_id,shape_pt_lat,shape_pt_lon,shape_pt_sequence
Yurikamome.Yurikamome.Inbound,35.65400000000000347,139.79582999999999515,1
Yurikamome.Yurikamome.Inbound,35.65341000000000093,139.79504000000000019,2
Yurikamome.Yurikamome.Inbound,35.65283999999999764,139.79429999999999268,3
Yurikamome.Yurikamome.Inbound,35.65254999999999797,139.79388000000000147,4
Yurikamome.Yurikamome.Inbound,35.65234000000000236,139.79361000000000104,5
Yurikamome.Yurikamome.Inbound,35.65187000000000239,139.79314999999999714,6
Yurikamome.Yurikamome.Inbound,35.65071999999999974,139.79225999999999885,7
Yurikamome.Yurikamome.Inbound,35.65001000000000175,139.79168000000001371,8
Yurikamome.Yurikamome.Inbound,35.64963000000000193,139.7913599999999974,9
Yurikamome.Yurikamome.Inbound,35.64938000000000073,139.79111000000000331,10
Yurikamome.Yurikamome.Inbound,35.64914000000000271,139.79080999999999335,11
Yurikamome.Yurikamome.Inbound,35.64889000000000152,139.79037999999999897,12
Yurikamome.Yurikamome.Inbound,35.64853000000000094,139.78985000000000127,13
Yurikamome.Yurikamome.Inbound,35.64764000000000266,139.78852000000000544,14
Yurikamome.Yurikamome.Inbound,35.64589999999999748,139.78600000000000136,15
Yurikamome.Yurikamome.Inbound,35.64547999999999917,139.78530000000000655,16
Yurikamome.Yurikamome.Inbound,35.64531000000000205,139.78506999999999039,17
Yurikamome.Yurikamome.Inbound,35.64518000000000342,139.78496999999998707,18
Yurikamome.Yurikamome.Inbound,35.6450800000000001,139.78493000000000279,19
Yurikamome.Yurikamome.Inbound,35.64497999999999678,139.78493000000000279,20
Yurikamome.Yurikamome.Inbound,35.6448299999999989,139.78497999999999024,21
Yurikamome.Yurikamome.Inbound,35.64466000000000179,139.78506999999999039,22
Yurikamome.Yurikamome.Inbound,35.64025000000000176,139.78865999999999303,23
Yurikamome.Yurikamome.Inbound,35.63971000000000089,139.78913000000000011,24
Yurikamome.Yurikamome.Inbound,35.63481999999999772,139.79312999999999079,25
Yurikamome.Yurikamome.Inbound,35.63427999999999685,139.79355000000001041,26
Yurikamome.Yurikamome.Inbound,35.63423999999999836,139.79357999999999151,27
Yurikamome.Yurikamome.Inbound,35.63320999999999827,139.79436000000001172,28
Yurikamome.Yurikamome.Inbound,35.63302000000000191,139.79451000000000249,29
Yurikamome.Yurikamome.Inbound,35.6326699999999974,139.79463999999998691,30
Yurikamome.Yurikamome.Inbound,35.6325300000000027,139.79465999999999326,31
Yurikamome.Yurikamome.Inbound,35.63241000000000014,139.79466999999999643,32
Yurikamome.Yurikamome.Inbound,35.63230000000000075,139.79466999999999643,33
Yurikamome.Yurikamome.Inbound,35.63217999999999819,139.79462000000000899,34
Yurikamome.Yurikamome.Inbound,35.63206000000000273,139.79454000000001201,35
Yurikamome.Yurikamome.Inbound,35.6319999999999979,139.79448999999999614,36
Yurikamome.Yurikamome.Inbound,35.63190999999999775,139.79436000000001172,37
Yurikamome.Yurikamome.Inbound,35.6306200000000004,139.79205999999999221,38
Yurikamome.Yurikamome.Inbound,35.63058999999999799,139.79200000000000159,39
Yurikamome.Yurikamome.Inbound,35.62982999999999834,139.79060000000001196,40
Yurikamome.Yurikamome.Inbound,35.62980999999999909,139.79054999999999609,41
Yurikamome.Yurikamome.Inbound,35.62890000000000157,139.78888000000000602,42
Yurikamome.Yurikamome.Inbound,35.62516000000000105,139.78197000000000116,43
Yurikamome.Yurikamome.Inbound,35.62512999999999863,139.78191000000001054,44
Yurikamome.Yurikamome.Inbound,35.6244700000000023,139.7807200000000023,45
Yurikamome.Yurikamome.Inbound,35.62443999999999988,139.78066000000001168,46
Yurikamome.Yurikamome.Inbound,35.62371000000000265,139.77935999999999694,47
Yurikamome.Yurikamome.Inbound,35.62344000000000221,139.77905999999998699,48
Yurikamome.Yurikamome.Inbound,35.62313999999999936,139.77889999999999304,49
Yurikamome.Yurikamome.Inbound,35.62290999999999741,139.77886000000000877,50
Yurikamome.Yurikamome.Inbound,35.62256,139.77886000000000877,51
Yurikamome.Yurikamome.Inbound,35.62225000000000108,139.77891999999999939,52
Yurikamome.Yurikamome.Inbound,35.62181000000000353,139.77911000000000286,53
Yurikamome.Yurikamome.Inbound,35.62026000000000181,139.77985000000001037,54
Yurikamome.Yurikamome.Inbound,35.62001999999999668,139.77997999999999479,55
Yurikamome.Yurikamome.Inbound,35.61966999999999928,139.78021000000001095,56
Yurikamome.Yurikamome.Inbound,35.61903000000000219,139.7806799999999896,57
Yurikamome.Yurikamome.Inbound,35.6189200000000028,139.7807200000000023,58
Yurikamome.Yurikamome.Inbound,35.61874999999999858,139.78075000000001182,59
Yurikamome.Yurikamome.Inbound,35.61858000000000146,139.7807200000000023,60
Yurikamome.Yurikamome.Inbound,35.61843999999999966,139.78066999999998643,61
Yurikamome.Yurikamome.Inbound,35.61834999999999951,139.78060999999999581,62
Yurikamome.Yurikamome.Inbound,35.6182500000000033,139.78054000000000201,63
Yurikamome.Yurikamome.Inbound,35.61813000000000073,139.78039000000001124,64
Yurikamome.Yurikamome.Inbound,35.61795000000000044,139.78009000000000128,65
Yurikamome.Yurikamome.Inbound,35.61791000000000196,139.78001000000000431,66
Yurikamome.Yurikamome.Inbound,35.6175399999999982,139.77932000000001267,67
Yurikamome.Yurikamome.Inbound,35.61751000000000289,139.77924999999999045,68
Yurikamome.Yurikamome.Inbound,35.61704000000000292,139.7782799999999952,69
Yurikamome.Yurikamome.Inbound,35.61699000000000126,139.77815000000001078,70
Yurikamome.Yurikamome.Inbound,35.61695999999999884,139.77800999999999476,71
Yurikamome.Yurikamome.Inbound,35.6169399999999996,139.77782999999999447,72
Yurikamome.Yurikamome.Inbound,35.61693000000000353,139.77765999999999735,73
Yurikamome.Yurikamome.Inbound,35.6169399999999996,139.77747999999999706,74
Yurikamome.Yurikamome.Inbound,35.61697000000000202,139.77732000000000312,75
Yurikamome.Yurikamome.Inbound,35.61699000000000126,139.77719999999999345,76
Yurikamome.Yurikamome.Inbound,35.61704999999999899,139.77702999999999633,77
Yurikamome.Yurikamome.Inbound,35.61710999999999672,139.77689000000000874,78
Yurikamome.Yurikamome.Inbound,35.61721000000000004,139.77672000000001162,79
Yurikamome.Yurikamome.Inbound,35.61730000000000018,139.77661000000000513,80
Yurikamome.Yurikamome.Inbound,35.6174000000000035,139.77649999999999864,81
Yurikamome.Yurikamome.Inbound,35.6175399999999982,139.77635000000000787,82
Yurikamome.Yurikamome.Inbound,35.62108846000000284,139.77332515000000512,83
Yurikamome.Yurikamome.Inbound,35.62162642999999917,139.77288121000000842,84
Yurikamome.Yurikamome.Inbound,35.62207244999999745,139.77251780000000281,85
Yurikamome.Yurikamome.Inbound,35.62275000000000347,139.77186000000000377,86
Yurikamome.Yurikamome.Inbound,35.62295999999999907,139.7716299999999876,87
Yurikamome.Yurikamome.Inbound,35.62312000000000012,139.77146999999999366,88
Yurikamome.Yurikamome.Inbound,35.62319000000000102,139.77142000000000621,89
Yurikamome.Yurikamome.Inbound,35.62333000000000283,139.77128999999999337,90
Yurikamome.Yurikamome.Inbound,35.62436999999999898,139.77044000000000779,91
Yurikamome.Yurikamome.Inbound,35.62454999999999927,139.77036000000001081,92
Yurikamome.Yurikamome.Inbound,35.62474000000000274,139.77034000000000447,93
Yurikamome.Yurikamome.Inbound,35.62489999999999668,139.77037000000001399,94
Yurikamome.Yurikamome.Inbound,35.62505000000000166,139.77042000000000144,95
Yurikamome.Yurikamome.Inbound,35.62527999999999651,139.77055999999998903,96
Yurikamome.Yurikamome.Inbound,35.62550999999999846,139.77078000000000202,97
Yurikamome.Yurikamome.Inbound,35.6256699999999995,139.77101999999999293,98
Yurikamome.Yurikamome.Inbound,35.62568000000000268,139.77102999999999611,99
Yurikamome.Yurikamome.Inbound,35.6260600000000025,139.77171999999998775,100
Yurikamome.Yurikamome.Inbound,35.62608000000000175,139.77177000000000362,101
Yurikamome.Yurikamome.Inbound,35.62959000000000032,139.77813000000000443,102
Yurikamome.Yurikamome.Inbound,35.62960999999999956,139.77817999999999188,103
Yurikamome.Yurikamome.Inbound,35.63000000000000256,139.77887999999998669,104
Yurikamome.Yurikamome.Inbound,35.6300200000000018,139.77891999999999939,105
Yurikamome.Yurikamome.Inbound,35.6302299999999974,139.77930000000000632,106
Yurikamome.Yurikamome.Inbound,35.63051999999999708,139.77967000000001008,107
Yurikamome.Yurikamome.Inbound,35.63078999999999752,139.77988999999999464,108
Yurikamome.Yurikamome.Inbound,35.63103999999999871,139.78003000000001066,109
Yurikamome.Yurikamome.Inbound,35.63132999999999839,139.7801200000000108,110
Yurikamome.Yurikamome.Inbound,35.6315400000000011,139.78009000000000128,111
Yurikamome.Yurikamome.Inbound,35.63186999999999927,139.77994000000001051,112
Yurikamome.Yurikamome.Inbound,35.63530000000000086,139.77720999999999663,113
Yurikamome.Yurikamome.Inbound,35.63548000000000116,139.77705000000000268,114
Yurikamome.Yurikamome.Inbound,35.63553999999999888,139.77698000000000889,115
Yurikamome.Yurikamome.Inbound,35.63568000000000069,139.7768299999999897,116
Yurikamome.Yurikamome.Inbound,35.63580999999999932,139.77661000000000513,117
Yurikamome.Yurikamome.Inbound,35.63600999999999885,139.77612999999999488,118
Yurikamome.Yurikamome.Inbound,35.6361699999999999,139.77562000000000353,119
Yurikamome.Yurikamome.Inbound,35.63622000000000156,139.77529999999998722,120
Yurikamome.Yurikamome.Inbound,35.63626000000000005,139.77502999999998679,121
Yurikamome.Yurikamome.Inbound,35.63627999999999929,139.77481000000000222,122
Yurikamome.Yurikamome.Inbound,35.63626000000000005,139.77450999999999226,123
Yurikamome.Yurikamome.Inbound,35.63593999999999795,139.77333999999999037,124
Yurikamome.Yurikamome.Inbound,35.63560999999999979,139.77236999999999512,125
Yurikamome.Yurikamome.Inbound,35.63519999999999754,139.77124000000000592,126
Yurikamome.Yurikamome.Inbound,35.63499999999999801,139.77054999999998586,127
Yurikamome.Yurikamome.Inbound,35.63490999999999786,139.77006000000000085,128
Yurikamome.Yurikamome.Inbound,35.63485000000000014,139.76959999999999695,129
Yurikamome.Yurikamome.Inbound,35.63483999999999696,139.76947000000001253,130
Yurikamome.Yurikamome.Inbound,35.63486000000000331,139.76912999999998988,131
Yurikamome.Yurikamome.Inbound,35.63492999999999711,139.76860999999999535,132
Yurikamome.Yurikamome.Inbound,35.6350399999999965,139.76814999999999145,133
Yurikamome.Yurikamome.Inbound,35.63519999999999754,139.76761999999999375,134
Yurikamome.Yurikamome.Inbound,35.63521999999999679,139.7675700000000063,135
Yurikamome.Yurikamome.Inbound,35.63588000000000022,139.76551000000000613,136
Yurikamome.Yurikamome.Inbound,35.63653999999999655,139.76341999999999643,137
Yurikamome.Yurikamome.Inbound,35.63676000000000244,139.76275000000001114,138
Yurikamome.Yurikamome.Inbound,35.6379400000000004,139.75921999999999912,139
Yurikamome.Yurikamome.Inbound,35.63801999999999737,139.75899000000001138,140
Yurikamome.Yurikamome.Inbound,35.63819000000000159,139.75837999999998829,141
Yurikamome.Yurikamome.Inbound,35.63833000000000339,139.75786999999999694,142
Yurikamome.Yurikamome.Inbound,35.63833000000000339,139.75786999999999694,143
Yurikamome.Yurikamome.Inbound,35.63804999999999978,139.75789000000000328,144
Yurikamome.Yurikamome.Inbound,35.63732000000000255,139.75785999999999376,145
Yurikamome.Yurikamome.Inbound,35.63716999999999757,139.75783999999998741,146
Yurikamome.Yurikamome.Inbound,35.63703000000000287,139.75781000000000631,147
Yurikamome.Yurikamome.Inbound,35.63691000000000031,139.75774999999998727,148
Yurikamome.Yurikamome.Inbound,35.63673000000000002,139.75763000000000602,149
Yurikamome.Yurikamome.Inbound,35.63656999999999897,139.7574600000000089,150
Yurikamome.Yurikamome.Inbound,35.63645000000000351,139.75729999999998654,151
Yurikamome.Yurikamome.Inbound,35.63636999999999944,139.75715999999999894,152
Yurikamome.Yurikamome.Inbound,35.63627000000000322,139.7569300000000112,153
Yurikamome.Yurikamome.Inbound,35.63622000000000156,139.75676000000001409,154
Yurikamome.Yurikamome.Inbound,35.63618000000000308,139.75655000000000427,155
Yurikamome.Yurikamome.Inbound,35.6361699999999999,139.7564700000000073,156
Yurikamome.Yurikamome.Inbound,35.6361699999999999,139.75631000000001336,157
Yurikamome.Yurikamome.Inbound,35.63618999999999915,139.75613000000001307,158
Yurikamome.Yurikamome.Inbound,35.63622999999999763,139.75591000000000008,159
Yurikamome.Yurikamome.Inbound,35.63626000000000005,139.75579999999999359,160
Yurikamome.Yurikamome.Inbound,35.63633000000000095,139.75562999999999647,161
Yurikamome.Yurikamome.Inbound,35.63640000000000185,139.75551999999998998,162
Yurikamome.Yurikamome.Inbound,35.63651999999999731,139.75534999999999286,163
Yurikamome.Yurikamome.Inbound,35.63665999999999912,139.75520000000000209,164
Yurikamome.Yurikamome.Inbound,35.63678000000000168,139.75511000000000195,165
Yurikamome.Yurikamome.Inbound,35.63689000000000107,139.75504000000000815,166
Yurikamome.Yurikamome.Inbound,35.63703000000000287,139.7549799999999891,167
Yurikamome.Yurikamome.Inbound,35.63712999999999909,139.75496000000001118,168
Yurikamome.Yurikamome.Inbound,35.63723000000000241,139.75494000000000483,169
Yurikamome.Yurikamome.Inbound,35.63734999999999786,139.75493000000000166,170
Yurikamome.Yurikamome.Inbound,35.63756000000000057,139.75494000000000483,171
Yurikamome.Yurikamome.Inbound,35.6376899999999992,139.75496000000001118,172
Yurikamome.Yurikamome.Inbound,35.63777000000000328,139.75498999999999228,173
Yurikamome.Yurikamome.Inbound,35.63788000000000267,139.75504000000000815,174
Yurikamome.Yurikamome.Inbound,35.63803999999999661,139.7551599999999894,175
Yurikamome.Yurikamome.Inbound,35.63819999999999766,139.75532999999998651,176
Yurikamome.Yurikamome.Inbound,35.63826999999999856,139.75542999999998983,177
Yurikamome.Yurikamome.Inbound,35.63835999999999871,139.75556000000000267,178
Yurikamome.Yurikamome.Inbound,35.63844000000000278,139.75571999999999662,179
Yurikamome.Yurikamome.Inbound,35.63848999999999734,139.75586999999998739,180
Yurikamome.Yurikamome.Inbound,35.63851999999999975,139.75600000000000023,181
Yurikamome.Yurikamome.Inbound,35.63855000000000217,139.75629000000000701,182
Yurikamome.Yurikamome.Inbound,35.63855000000000217,139.75650999999999158,183
Yurikamome.Yurikamome.Inbound,35.63851999999999975,139.75694999999998913,184
Yurikamome.Yurikamome.Inbound,35.63846000000000203,139.75729999999998654,185
Yurikamome.Yurikamome.Inbound,35.63837999999999795,139.75768999999999664,186
Yurikamome.Yurikamome.Inbound,35.63833000000000339,139.75786999999999694,187
Yurikamome.Yurikamome.Inbound,35.63833000000000339,139.75786999999999694,188
Yurikamome.Yurikamome.Inbound,35.63855999999999824,139.75790000000000646,189
Yurikamome.Yurikamome.Inbound,35.63895000000000124,139.75792000000001281,190
Yurikamome.Yurikamome.Inbound,35.63918000000000319,139.75792999999998756,191
Yurikamome.Yurikamome.Inbound,35.64168999999999699,139.75788000000000011,192
Yurikamome.Yurikamome.Inbound,35.64195000000000135,139.75788000000000011,193
Yurikamome.Yurikamome.Inbound,35.64249000000000223,139.75785999999999376,194
Yurikamome.Yurikamome.Inbound,35.64365999999999701,139.75783999999998741,195
Yurikamome.Yurikamome.Inbound,35.64486000000000132,139.75782000000000949,196
Yurikamome.Yurikamome.Inbound,35.64526999999999646,139.75775999999999044,197
Yurikamome.Yurikamome.Inbound,35.64567000000000263,139.75774999999998727,198
Yurikamome.Yurikamome.Inbound,35.64652999999999849,139.75793999999999073,199
Yurikamome.Yurikamome.Inbound,35.64690999999999832,139.75809000000000992,200
Yurikamome.Yurikamome.Inbound,35.64771999999999963,139.7584500000000105,201
Yurikamome.Yurikamome.Inbound,35.64887999999999835,139.75899000000001138,202
Yurikamome.Yurikamome.Inbound,35.64891000000000076,139.75899999999998613,203
Yurikamome.Yurikamome.Inbound,35.64961000000000269,139.75932000000000244,204
Yurikamome.Yurikamome.Inbound,35.64965999999999724,139.75934000000000879,205
Yurikamome.Yurikamome.Inbound,35.65138000000000318,139.76016999999998802,206
Yurikamome.Yurikamome.Inbound,35.65200000000000102,139.76048000000000116,207
Yurikamome.Yurikamome.Inbound,35.65234999999999843,139.76067000000000462,208
Yurikamome.Yurikamome.Inbound,35.65377999999999759,139.76178999999999064,209
Yurikamome.Yurikamome.Inbound,35.65435000000000088,139.76223999999999137,210
Yurikamome.Yurikamome.Inbound,35.65438000000000329,139.76225999999999772,211
Yurikamome.Yurikamome.Inbound,35.65458000000000283,139.76240999999998849,212
Yurikamome.Yurikamome.Inbound,35.65464999999999662,139.76245000000000118,213
Yurikamome.Yurikamome.Inbound,35.65471999999999753,139.7624800000000107,214
Yurikamome.Yurikamome.Inbound,35.65478999999999843,139.76250999999999181,215
Yurikamome.Yurikamome.Inbound,35.65498999999999796,139.76252999999999815,216
Yurikamome.Yurikamome.Inbound,35.65514999999999901,139.76254000000000133,217
Yurikamome.Yurikamome.Inbound,35.6554000000000002,139.76251999999999498,218
Yurikamome.Yurikamome.Inbound,35.65554000000000201,139.76249000000001388,219
Yurikamome.Yurikamome.Inbound,35.65565999999999747,139.76243999999999801,220
Yurikamome.Yurikamome.Inbound,35.6557900000000032,139.76237000000000421,221
Yurikamome.Yurikamome.Inbound,35.6559299999999979,139.76228000000000407,222
Yurikamome.Yurikamome.Inbound,35.65605000000000047,139.76218000000000075,223
Yurikamome.Yurikamome.Inbound,35.65621000000000151,139.76198999999999728,224
Yurikamome.Yurikamome.Inbound,35.65644000000000347,139.76163999999999987,225
Yurikamome.Yurikamome.Inbound,35.65699999999999648,139.76070000000001414,226
Yurikamome.Yurikamome.Inbound,35.65715000000000146,139.76043000000001371,227
Yurikamome.Yurikamome.Inbound,35.65729000000000326,139.76014000000000692,228
Yurikamome.Yurikamome.Inbound,35.65740999999999872,139.75983999999999696,229
Yurikamome.Yurikamome.Inbound,35.65746000000000038,139.75968000000000302,230
Yurikamome.Yurikamome.Inbound,35.65751000000000204,139.75952000000000908,231
Yurikamome.Yurikamome.Inbound,35.65764999999999674,139.75885999999999854,232
Yurikamome.Yurikamome.Inbound,35.6576999999999984,139.7585899999999981,233
Yurikamome.Yurikamome.Inbound,35.65773999999999688,139.75851000000000113,234
Yurikamome.Yurikamome.Inbound,35.65778000000000247,139.75846000000001368,235
Yurikamome.Yurikamome.Inbound,35.65782999999999703,139.75842000000000098,236
Yurikamome.Yurikamome.Inbound,35.65789999999999793,139.75839999999999463,237
Yurikamome.Yurikamome.Inbound,35.65800000000000125,139.75839999999999463,238
Yurikamome.Yurikamome.Inbound,35.65832999999999942,139.75846999999998843,239
Yurikamome.Yurikamome.Inbound,35.65932000000000102,139.75872000000001094,240
Yurikamome.Yurikamome.Inbound,35.65999999999999659,139.75889000000000806,241
Yurikamome.Yurikamome.Inbound,35.66033000000000186,139.75896000000000186,242
Yurikamome.Yurikamome.Inbound,35.66053999999999746,139.75899999999998613,243
Yurikamome.Yurikamome.Inbound,35.6608099999999979,139.75903999999999883,244
Yurikamome.Yurikamome.Inbound,35.66140000000000043,139.75909999999998945,245
Yurikamome.Yurikamome.Inbound,35.66159999999999997,139.75912999999999897,246
Yurikamome.Yurikamome.Inbound,35.66178000000000026,139.75916000000000849,247
Yurikamome.Yurikamome.Inbound,35.66194000000000131,139.75921999999999912,248
Yurikamome.Yurikamome.Inbound,35.6621200000000016,139.75930999999999926,249
Yurikamome.Yurikamome.Inbound,35.6622600000000034,139.75939999999999941,250
Yurikamome.Yurikamome.Inbound,35.66239000000000203,139.7595100000000059,251
Yurikamome.Yurikamome.Inbound,35.66268999999999778,139.75979000000000951,252
Yurikamome.Yurikamome.Inbound,35.66328000000000031,139.76035999999999149,253
Yurikamome.Yurikamome.Inbound,35.66391000000000133,139.76096000000001141,254
Yurikamome.Yurikamome.Inbound,35.66414999999999935,139.7611699999999928,255
Yurikamome.Yurikamome.Inbound,35.66423000000000343,139.76122000000000867,256
Yurikamome.Yurikamome.Inbound,35.66429000000000116,139.76124999999998977,257
Yurikamome.Yurikamome.Inbound,35.66438999999999737,139.76124999999998977,258
Yurikamome.Yurikamome.Inbound,35.66445000000000221,139.76123000000001184,259
Yurikamome.Yurikamome.Inbound,35.66454000000000235,139.7611699999999928,260
Yurikamome.Yurikamome.Inbound,35.66474999999999795,139.76089999999999236,261
Yurikamome.Yurikamome.Inbound,35.66479999999999961,139.76081999999999539,262
Yurikamome.Yurikamome.Inbound,35.6658299999999997,139.7589800000000082,263
Yurikamome.Yurikamome.Inbound,35.66611999999999938,139.75896000000000186,264
Yurikamome.Yurikamome.Outbound,35.65400000000000347,139.79582999999999515,264
Yurikamome.Yurikamome.Outbound,35.65341000000000093,139.79504000000000019,263
Yurikamome.Yurikamome.Outbound,35.65283999999999764,139.79429999999999268,262
Yurikamome.Yurikamome.Outbound,35.65254999999999797,139.79388000000000147,261
Yurikamome.Yurikamome.Outbound,35.65234000000000236,139.79361000000000104,260
Yurikamome.Yurikamome.Outbound,35.65187000000000239,139.79314999999999714,259
Yurikamome.Yurikamome.Outbound,35.65071999999999974,139.79225999999999885,258
Yurikamome.Yurikamome.Outbound,35.65001000000000175,139.79168000000001371,257
Yurikamome.Yurikamome.Outbound,35.64963000000000193,139.7913599999999974,256
Yurikamome.Yurikamome.Outbound,35.64938000000000073,139.79111000000000331,255
Yurikamome.Yurikamome.Outbound,35.64914000000000271,139.79080999999999335,254
Yurikamome.Yurikamome.Outbound,35.64889000000000152,139.79037999999999897,253
Yurikamome.Yurikamome.Outbound,35.64853000000000094,139.78985000000000127,252
Yurikamome.Yurikamome.Outbound,35.64764000000000266,139.78852000000000544,251
Yurikamome.Yurikamome.Outbound,35.64589999999999748,139.78600000000000136,250
Yurikamome.Yurikamome.Outbound,35.64547999999999917,139.78530000000000655,249
Yurikamome.Yurikamome.Outbound,35.64531000000000205,139.78506999999999039,248
Yurikamome.Yurikamome.Outbound,35.64518000000000342,139.78496999999998707,247
Yurikamome.Yurikamome.Outbound,35.6450800000000001,139.78493000000000279,246
Yurikamome.Yurikamome.Outbound,35.64497999999999678,139.78493000000000279,245
Yurikamome.Yurikamome.Outbound,35.6448299999999989,139.78497999999999024,244
Yurikamome.Yurikamome.Outbound,35.64466000000000179,139.78506999999999039,243
Yurikamome.Yurikamome.Outbound,35.64025000000000176,139.78865999999999303,242
Yurikamome.Yurikamome.Outbound,35.63971000000000089,139.78913000000000011,241
Yurikamome.Yurikamome.Outbound,35.63481999999999772,139.79312999999999079,240
Yurikamome.Yurikamome.Outbound,35.63427999999999685,139.79355000000001041,239
Yurikamome.Yurikamome.Outbound,35.63423999999999836,139.79357999999999151,238
Yurikamome.Yurikamome.Outbound,35.63320999999999827,139.79436000000001172,237
Yurikamome.Yurikamome.Outbound,35.63302000000000191,139.79451000000000249,236
Yurikamome.Yurikamome.Outbound,35.6326699999999974,139.79463999999998691,235
Yurikamome.Yurikamome.Outbound,35.6325300000000027,139.79465999999999326,234
Yurikamome.Yurikamome.Outbound,35.63241000000000014,139.79466999999999643,233
Yurikamome.Yurikamome.Outbound,35.63230000000000075,139.79466999999999643,232
Yurikamome.Yurikamome.Outbound,35.63217999999999819,139.79462000000000899,231
Yurikamome.Yurikamome.Outbound,35.63206000000000273,139.79454000000001201,230
Yurikamome.Yurikamome.Outbound,35.6319999999999979,139.79448999999999614,229
Yurikamome.Yurikamome.Outbound,35.63190999999999775,139.79436000000001172,228
Yurikamome.Yurikamome.Outbound,35.6306200000000004,139.79205999999999221,227
Yurikamome.Yurikamome.Outbound,35.63058999999999799,139.79200000000000159,226
Yurikamome.Yurikamome.Outbound,35.62982999999999834,139.79060000000001196,225
Yurikamome.Yurikamome.Outbound,35.62980999999999909,139.79054999999999609,224
Yurikamome.Yurikamome.Outbound,35.62890000000000157,139.78888000000000602,223
Yurikamome.Yurikamome.Outbound,35.62516000000000105,139.78197000000000116,222
Yurikamome.Yurikamome.Outbound,35.62512999999999863,139.78191000000001054,221
Yurikamome.Yurikamome.Outbound,35.6244700000000023,139.7807200000000023,220
Yurikamome.Yurikamome.Outbound,35.62443999999999988,139.78066000000001168,219
Yurikamome.Yurikamome.Outbound,35.62371000000000265,139.77935999999999694,218
Yurikamome.Yurikamome.Outbound,35.62344000000000221,139.77905999999998699,217
Yurikamome.Yurikamome.Outbound,35.62313999999999936,139.77889999999999304,216
Yurikamome.Yurikamome.Outbound,35.62290999999999741,139.77886000000000877,215
Yurikamome.Yurikamome.Outbound,35.62256,139.77886000000000877,214
Yurikamome.Yurikamome.Outbound,35.62225000000000108,139.77891999999999939,213
Yurikamome.Yurikamome.Outbound,35.62181000000000353,139.77911000000000286,212
Yurikamome.Yurikamome.Outbound,35.62026000000000181,139.77985000000001037,211
Yurikamome.Yurikamome.Outbound,35.62001999999999668,139.77997999999999479,210
Yurikamome.Yurikamome.Outbound,35.61966999999999928,139.78021000000001095,209
Yurikamome.Yurikamome.Outbound,35.61903000000000219,139.7806799999999896,208
Yurikamome.Yurikamome.Outbound,35.6189200000000028,139.7807200000000023,207
Yurikamome.Yurikamome.Outbound,35.61874999999999858,139.78075000000001182,206
Yurikamome.Yurikamome.Outbound,35.61858000000000146,139.7807200000000023,205
Yurikamome.Yurikamome.Outbound,35.61843999999999966,139.78066999999998643,204
Yurikamome.Yurikamome.Outbound,35.61834999999999951,139.78060999999999581,203
Yurikamome.Yurikamome.Outbound,35.6182500000000033,139.78054000000000201,202
Yurikamome.Yurikamome.Outbound,35.61813000000000073,139.78039000000001124,201
Yurikamome.Yurikamome.Outbound,35.61795000000000044,139.78009000000000128,200
Yurikamome.Yurikamome.Outbound,35.61791000000000196,139.78001000000000431,199
Yurikamome.Yurikamome.Outbound,35.6175399999999982,139.77932000000001267,198
Yurikamome.Yurikamome.Outbound,35.61751000000000289,139.77924999999999045,197
Yurikamome.Yurikamome.Outbound,35.61704000000000292,139.7782799999999952,196
Yurikamome.Yurikamome.Outbound,35.61699000000000126,139.77815000000001078,195
Yurikamome.Yurikamome.Outbound,35.61695999999999884,139.77800999999999476,194
Yurikamome.Yurikamome.Outbound,35.6169399999999996,139.77782999999999447,193
Yurikamome.Yurikamome.Outbound,35.61693000000000353,139.77765999999999735,192
Yurikamome.Yurikamome.Outbound,35.6169399999999996,139.77747999999999706,191
Yurikamome.Yurikamome.Outbound,35.61697000000000202,139.77732000000000312,190
Yurikamome.Yurikamome.Outbound,35.61699000000000126,139.77719999999999345,189
Yurikamome.Yurikamome.Outbound,35.61704999999999899,139.77702999999999633,188
Yurikamome.Yurikamome.Outbound,35.61710999999999672,139.77689000000000874,187
Yurikamome.Yurikamome.Outbound,35.61721000000000004,139.77672000000001162,186
Yurikamome.Yurikamome.Outbound,35.61730000000000018,139.77661000000000513,185
Yurikamome.Yurikamome.Outbound,35.6174000000000035,139.77649999999999864,184
Yurikamome.Yurikamome.Outbound,35.6175399999999982,139.77635000000000787,183
Yurikamome.Yurikamome.Outbound,35.62108846000000284,139.77332515000000512,182
Yurikamome.Yurikamome.Outbound,35.62162642999999917,139.77288121000000842,181
Yurikamome.Yurikamome.Outbound,35.62207244999999745,139.77251780000000281,180
Yurikamome.Yurikamome.Outbound,35.62275000000000347,139.77186000000000377,179
Yurikamome.Yurikamome.Outbound,35.62295999999999907,139.7716299999999876,178
Yurikamome.Yurikamome.Outbound,35.62312000000000012,139.77146999999999366,177
Yurikamome.Yurikamome.Outbound,35.62319000000000102,139.77142000000000621,176
Yurikamome.Yurikamome.Outbound,35.62333000000000283,139.77128999999999337,175
Yurikamome.Yurikamome.Outbound,35.62436999999999898,139.77044000000000779,174
Yurikamome.Yurikamome.Outbound,35.62454999999999927,139.77036000000001081,173
Yurikamome.Yurikamome.Outbound,35.62474000000000274,139.77034000000000447,172
Yurikamome.Yurikamome.Outbound,35.62489999999999668,139.77037000000001399,171
Yurikamome.Yurikamome.Outbound,35.62505000000000166,139.77042000000000144,170
Yurikamome.Yurikamome.Outbound,35.62527999999999651,139.77055999999998903,169
Yurikamome.Yurikamome.Outbound,35.62550999999999846,139.77078000000000202,168
Yurikamome.Yurikamome.Outbound,35.6256699999999995,139.77101999999999293,167
Yurikamome.Yurikamome.Outbound,35.62568000000000268,139.77102999999999611,166
Yurikamome.Yurikamome.Outbound,35.6260600000000025,139.77171999999998775,165
Yurikamome.Yurikamome.Outbound,35.62608000000000175,139.77177000000000362,164
Yurikamome.Yurikamome.Outbound,35.62959000000000032,139.77813000000000443,163
Yurikamome.Yurikamome.Outbound,35.62960999999999956,139.77817999999999188,162
Yurikamome.Yurikamome.Outbound,35.63000000000000256,139.77887999999998669,161
Yurikamome.Yurikamome.Outbound,35.6300200000000018,139.77891999999999939,160
Yurikamome.Yurikamome.Outbound,35.6302299999999974,139.77930000000000632,159
Yurikamome.Yurikamome.Outbound,35.63051999999999708,139.77967000000001008,158
Yurikamome.Yurikamome.Outbound,35.63078999999999752,139.77988999999999464,157
Yurikamome.Yurikamome.Outbound,35.63103999999999871,139.78003000000001066,156
Yurikamome.Yurikamome.Outbound,35.63132999999999839,139.7801200000000108,155
Yurikamome.Yurikamome.Outbound,35.6315400000000011,139.78009000000000128,154
Yurikamome.Yurikamome.Outbound,35.63186999999999927,139.77994000000001051,153
Yurikamome.Yurikamome.Outbound,35.63530000000000086,139.77720999999999663,152
Yurikamome.Yurikamome.Outbound,35.63548000000000116,139.77705000000000268,151
Yurikamome.Yurikamome.Outbound,35.63553999999999888,139.77698000000000889,150
Yurikamome.Yurikamome.Outbound,35.63568000000000069,139.7768299999999897,149
Yurikamome.Yurikamome.Outbound,35.63580999999999932,139.77661000000000513,148
Yurikamome.Yurikamome.Outbound,35.63600999999999885,139.77612999999999488,147
Yurikamome.Yurikamome.Outbound,35.6361699999999999,139.77562000000000353,146
Yurikamome.Yurikamome.Outbound,35.63622000000000156,139.77529999999998722,145
Yurikamome.Yurikamome.Outbound,35.63626000000000005,139.77502999999998679,144
Yurikamome.Yurikamome.Outbound,35.63627999999999929,139.77481000000000222,143
Yurikamome.Yurikamome.Outbound,35.63626000000000005,139.77450999999999226,142
Yurikamome.Yurikamome.Outbound,35.63593999999999795,139.77333999999999037,141
Yurikamome.Yurikamome.Outbound,35.63560999999999979,139.77236999999999512,140
Yurikamome.Yurikamome.Outbound,35.63519999999999754,139.77124000000000592,139
Yurikamome.Yurikamome.Outbound,35.63499999999999801,139.77054999999998586,138
Yurikamome.Yurikamome.Outbound,35.63490999999999786,139.77006000000000085,137
Yurikamome.Yurikamome.Outbound,35.63485000000000014,139.76959999999999695,136
Yurikamome.Yurikamome.Outbound,35.63483999999999696,139.76947000000001253,135
Yurikamome.Yurikamome.Outbound,35.63486000000000331,139.76912999999998988,134
Yurikamome.Yurikamome.Outbound,35.63492999999999711,139.76860999999999535,133
Yurikamome.Yurikamome.Outbound,35.6350399999999965,139.76814999999999145,132
Yurikamome.Yurikamome.Outbound,35.63519999999999754,139.76761999999999375,131
Yurikamome.Yurikamome.Outbound,35.63521999999999679,139.7675700000000063,130
Yurikamome.Yurikamome.Outbound,35.63588000000000022,139.76551000000000613,129
Yurikamome.Yurikamome.Outbound,35.63653999999999655,139.76341999999999643,128
Yurikamome.Yurikamome.Outbound,35.63676000000000244,139.76275000000001114,127
Yurikamome.Yurikamome.Outbound,35.6379400000000004,139.75921999999999912,126
Yurikamome.Yurikamome.Outbound,35.63801999999999737,139.75899000000001138,125
Yurikamome.Yurikamome.Outbound,35.63819000000000159,139.75837999999998829,124
Yurikamome.Yurikamome.Outbound,35.63833000000000339,139.75786999999999694,123
Yurikamome.Yurikamome.Outbound,35.63833000000000339,139.75786999999999694,122
Yurikamome.Yurikamome.Outbound,35.63804999999999978,139.75789000000000328,121
Yurikamome.Yurikamome.Outbound,35.63732000000000255,139.75785999999999376,120
Yurikamome.Yurikamome.Outbound,35.63716999999999757,139.75783999999998741,119
Yurikamome.Yurikamome.Outbound,35.63703000000000287,139.75781000000000631,118
Yurikamome.Yurikamome.Outbound,35.63691000000000031,139.75774999999998727,117
Yurikamome.Yurikamome.Outbound,35.63673000000000002,139.75763000000000602,116
Yurikamome.Yurikamome.Outbound,35.63656999999999897,139.7574600000000089,115
Yurikamome.Yurikamome.Outbound,35.63645000000000351,139.75729999999998654,114
Yurikamome.Yurikamome.Outbound,35.63636999999999944,139.75715999999999894,113
Yurikamome.Yurikamome.Outbound,35.63627000000000322,139.7569300000000112,112
Yurikamome.Yurikamome.Outbound,35.63622000000000156,139.75676000000001409,111
Yurikamome.Yurikamome.Outbound,35.63618000000000308,139.75655000000000427,110
Yurikamome.Yurikamome.Outbound,35.6361699999999999,139.7564700000000073,109
Yurikamome.Yurikamome.Outbound,35.6361699999999999,139.75631000000001336,108
Yurikamome.Yurikamome.Outbound,35.63618999999999915,139.75613000000001307,107
Yurikamome.Yurikamome.Outbound,35.63622999999999763,139.75591000000000008,106
Yurikamome.Yurikamome.Outbound,35.63626000000000005,139.75579999999999359,105
Yurikamome.Yurikamome.Outbound,35.63633000000000095,139.75562999999999647,104
Yurikamome.Yurikamome.Outbound,35.63640000000000185,139.75551999999998998,103
Yurikamome.Yurikamome.Outbound,35.63651999999999731,139.75534999999999286,102
Yurikamome.Yurikamome.Outbound,35.63665999999999912,139.75520000000000209,101
Yurikamome.Yurikamome.Outbound,35.63678000000000168,139.75511000000000195,100
Yurikamome.Yurikamome.Outbound,35.63689000000000107,139.75504000000000815,99
Yurikamome.Yurikamome.Outbound,35.63703000000000287,139.7549799999999891,98
Yurikamome.Yurikamome.Outbound,35.63712999999999909,139.75496000000001118,97
Yurikamome.Yurikamome.Outbound,35.63723000000000241,139.75494000000000483,96
Yurikamome.Yurikamome.Outbound,35.63734999999999786,139.75493000000000166,95
Yurikamome.Yurikamome.Outbound,35.63756000000000057,139.75494000000000483,94
Yurikamome.Yurikamome.Outbound,35.6376899999999992,139.75496000000001118,93
Yurikamome.Yurikamome.Outbound,35.63777000000000328,139.75498999999999228,92
Yurikamome.Yurikamome.Outbound,35.63788000000000267,139.75504000000000815,91
Yurikamome.Yurikamome.Outbound,35.63803999999999661,139.7551599999999894,90
Yurikamome.Yurikamome.Outbound,35.63819999999999766,139.75532999999998651,89
Yurikamome.Yurikamome.Outbound,35.63826999999999856,139.75542999999998983,88
Yurikamome.Yurikamome.Outbound,35.63835999999999871,139.75556000000000267,87
Yurikamome.Yurikamome.Outbound,35.63844000000000278,139.75571999999999662,86
Yurikamome.Yurikamome.Outbound,35.63848999999999734,139.75586999999998739,85
Yurikamome.Yurikamome.Outbound,35.63851999999999975,139.75600000000000023,84
Yurikamome.Yurikamome.Outbound,35.63855000000000217,139.75629000000000701,83
Yurikamome.Yurikamome.Outbound,35.63855000000000217,139.75650999999999158,82
Yurikamome.Yurikamome.Outbound,35.63851999999999975,139.75694999999998913,81
Yurikamome.Yurikamome.Outbound,35.63846000000000203,139.75729999999998654,80
Yurikamome.Yurikamome.Outbound,35.63837999999999795,139.75768999999999664,79
Yurikamome.Yurikamome.Outbound,35.63833000000000339,139.75786999999999694,78
Yurikamome.Yurikamome.Outbound,35.63833000000000339,139.75786999999999694,77
Yurikamome.Yurikamome.Outbound,35.63855999999999824,139.75790000000000646,76
Yurikamome.Yurikamome.Outbound,35.63895000000000124,139.75792000000001281,75
Yurikamome.Yurikamome.Outbound,35.63918000000000319,139.75792999999998756,74
Yurikamome.Yurikamome.Outbound,35.64168999999999699,139.75788000000000011,73
Yurikamome.Yurikamome.Outbound,35.64195000000000135,139.75788000000000011,72
Yurikamome.Yurikamome.Outbound,35.64249000000000223,139.75785999999999376,71
Yurikamome.Yurikamome.Outbound,35.64365999999999701,139.75783999999998741,70
Yurikamome.Yurikamome.Outbound,35.64486000000000132,139.75782000000000949,69
Yurikamome.Yurikamome.Outbound,35.64526999999999646,139.75775999999999044,68
Yurikamome.Yurikamome.Outbound,35.64567000000000263,139.75774999999998727,67
Yurikamome.Yurikamome.Outbound,35.64652999999999849,139.75793999999999073,66
Yurikamome.Yurikamome.Outbound,35.64690999999999832,139.75809000000000992,65
Yurikamome.Yurikamome.Outbound,35.64771999999999963,139.7584500000000105,64
Yurikamome.Yurikamome.Outbound,35.64887999999999835,139.75899000000001138,63
Yurikamome.Yurikamome.Outbound,35.64891000000000076,139.75899999999998613,62
Yurikamome.Yurikamome.Outbound,35.64961000000000269,139.75932000000000244,61
Yurikamome.Yurikamome.Outbound,35.64965999999999724,139.75934000000000879,60
Yurikamome.Yurikamome.Outbound,35.65138000000000318,139.76016999999998802,59
Yurikamome.Yurikamome.Outbound,35.65200000000000102,139.76048000000000116,58
Yurikamome.Yurikamome.Outbound,35.65234999999999843,139.76067000000000462,57
Yurikamome.Yurikamome.Outbound,35.65377999999999759,139.76178999999999064,56
Yurikamome.Yurikamome.Outbound,35.65435000000000088,139.76223999999999137,55
Yurikamome.Yurikamome.Outbound,35.65438000000000329,139.76225999999999772,54
Yurikamome.Yurikamome.Outbound,35.65458000000000283,139.76240999999998849,53
Yurikamome.Yurikamome.Outbound,35.65464999999999662,139.76245000000000118,52
Yurikamome.Yurikamome.Outbound,35.65471999999999753,139.7624800000000107,51
Yurikamome.Yurikamome.Outbound,35.65478999999999843,139.76250999999999181,50
Yurikamome.Yurikamome.Outbound,35.65498999999999796,139.76252999999999815,49
Yurikamome.Yurikamome.Outbound,35.65514999999999901,139.76254000000000133,48
Yurikamome.Yurikamome.Outbound,35.6554000000000002,139.76251999999999498,47
Yurikamome.Yurikamome.Outbound,35.65554000000000201,139.76249000000001388,46
Yurikamome.Yurikamome.Outbound,35.65565999999999747,139.76243999999999801,45
Yurikamome.Yurikamome.Outbound,35.6557900000000032,139.76237000000000421,44
Yurikamome.Yurikamome.Outbound,35.6559299999999979,139.76228000000000407,43
Yurikamome.Yurikamome.Outbound,35.65605000000000047,139.76218000000000075,42
Yurikamome.Yurikamome.Outbound,35.65621000000000151,139.76198999999999728,41
Yurikamome.Yurikamome.Outbound,35.65644000000000347,139.76163999999999987,40
Yurikamome.Yurikamome.Outbound,35.65699999999999648,139.76070000000001414,39
Yurikamome.Yurikamome.Outbound,35.65715000000000146,139.76043000000001371,38
Yurikamome.Yurikamome.Outbound,35.65729000000000326,139.76014000000000692,37
Yurikamome.Yurikamome.Outbound,35.65740999999999872,139.75983999999999696,36
Yurikamome.Yurikamome.Outbound,35.65746000000000038,139.75968000000000302,35
Yurikamome.Yurikamome.Outbound,35.65751000000000204,139.75952000000000908,34
Yurikamome.Yurikamome.Outbound,35.65764999999999674,139.75885999999999854,33
Yurikamome.Yurikamome.Outbound,35.6576999999999984,139.7585899999999981,32
Yurikamome.Yurikamome.Outbound,35.65773999999999688,139.75851000000000113,31
Yurikamome.Yurikamome.Outbound,35.65778000000000247,139.75846000000001368,30
Yurikamome.Yurikamome.Outbound,35.65782999999999703,139.75842000000000098,29
Yurikamome.Yurikamome.Outbound,35.65789999999999793,139.75839999999999463,28
Yurikamome.Yurikamome.Outbound,35.65800000000000125,139.75839999999999463,27
Yurikamome.Yurikamome.Outbound,35.65832999999999942,139.75846999999998843,26
Yurikamome.Yurikamome.Outbound,35.65932000000000102,139.75872000000001094,25
Yurikamome.Yurikamome.Outbound,35.65999999999999659,139.75889000000000806,24
Yurikamome.Yurikamome.Outbound,35.66033000000000186,139.75896000000000186,23
Yurikamome.Yurikamome.Outbound,35.66053999999999746,139.75899999999998613,22
Yurikamome.Yurikamome.Outbound,35.6608099999999979,139.75903999999999883,21
Yurikamome.Yurikamome.Outbound,35.66140000000000043,139.75909999999998945,20
Yurikamome.Yurikamome.Outbound,35.66159999999999997,139.75912999999999897,19
Yurikamome.Yurikamome.Outbound,35.66178000000000026,139.75916000000000849,18
Yurikamome.Yurikamome.Outbound,35.66194000000000131,139.75921999999999912,17
Yurikamome.Yurikamome.Outbound,35.6621200000000016,139.75930999999999926,16
Yurikamome.Yurikamome.Outbound,35.6622600000000034,139.75939999999999941,15
Yurikamome.Yurikamome.Outbound,35.66239000000000203,139.7595100000000059,14
Yurikamome.Yurikamome.Outbound,35.66268999999999778,139.75979000000000951,13
Yurikamome.Yurikamome.Outbound,35.66328000000000031,139.76035999999999149,12
Yurikamome.Yurikamome.Outbound,35.66391000000000133,139.76096000000001141,11
Yurikamome.Yurikamome.Outbound,35.66414999999999935,139.7611699999999928,10
Yurikamome.Yurikamome.Outbound,35.66423000000000343,139.76122000000000867,9
Yurikamome.Yurikamome.Outbound,35.66429000000000116,139.76124999999998977,8
Yurikamome.Yurikamome.Outbound,35.66438999999999737,139.76124999999998977,7
Yurikamome.Yurikamome.Outbound,35.66445000000000221,139.76123000000001184,6
Yurikamome.Yurikamome.Outbound,35.66454000000000235,139.7611699999999928,5
Yurikamome.Yurikamome.Outbound,35.66474999999999795,139.76089999999999236,4
Yurikamome.Yurikamome.Outbound,35.66479999999999961,139.76081999999999539,3
Yurikamome.Yurikamome.Outbound,35.6658299999999997,139.7589800000000082,2
Yurikamome.Yurikamome.Outbound,35.66611999999999938,139.75896000000000186,1